Reg: none Lambda 0.0000e+00
forward NFE: 20
backward NFE: 126
[ 0.38615844 -0.26374403 -0.22440998 -0.02495488  0.16185614 -0.09878392
  0.07567868 -0.24702428  0.31609905 -0.06991029 -0.02715265 -0.21049662
  0.21662411  0.16601172 -0.42927125 -0.20321158  0.25864428 -0.36855638
 -0.12152837  0.31128451]
[ 0.3861603  -0.26373911 -0.22441189 -0.02495635  0.16185671 -0.09878511
  0.07568647 -0.24702406  0.31609439 -0.0699255  -0.02714072 -0.21049921
  0.21662496  0.16602354 -0.42927523 -0.20320447  0.25864757 -0.3685582
 -0.12153922  0.31128385]
[-0.00186455 -0.00491212  0.00190803  0.00146996 -0.0005635   0.00118952
 -0.00778871 -0.00022504  0.00465702  0.01521485 -0.0119313   0.00259116
 -0.00084885 -0.01182059  0.00398263 -0.00710246 -0.00328608  0.00182228
  0.01084388  0.00066286]
Iter 0001 | Total (Regularized) Loss 0.078670 | Loss 0.078670 | Regularization 0.000000
forward NFE: 20
backward NFE: 126
[ 0.3861603  -0.26373911 -0.22441189 -0.02495635  0.16185671 -0.09878511
  0.07568647 -0.24702406  0.31609439 -0.0699255  -0.02714072 -0.21049921
  0.21662496  0.16602354 -0.42927523 -0.20320447  0.25864757 -0.3685582
 -0.12153922  0.31128385]
[ 0.38616192 -0.26373488 -0.22441381 -0.02495789  0.16185721 -0.09878602
  0.07569382 -0.24702376  0.31609019 -0.06994019 -0.02712931 -0.21050147
  0.21662577  0.1660342  -0.42927867 -0.20319816  0.25865027 -0.36855995
 -0.12154956  0.31128312]
[-0.0016192  -0.00423867  0.00191444  0.00154079 -0.00050456  0.00090994
 -0.00735185 -0.000295    0.00419941  0.01469038 -0.01140607  0.00226292
 -0.00081125 -0.01065417  0.00343208 -0.00631271 -0.00269929  0.00174683
  0.01034529  0.00072659]
Iter 0002 | Total (Regularized) Loss 0.101156 | Loss 0.101156 | Regularization 0.000000
forward NFE: 26
backward NFE: 126
[ 0.38616192 -0.26373488 -0.22441381 -0.02495789  0.16185721 -0.09878602
  0.07569382 -0.24702376  0.31609019 -0.06994019 -0.02712931 -0.21050147
  0.21662577  0.1660342  -0.42927867 -0.20319816  0.25865027 -0.36855995
 -0.12154956  0.31128312]
[ 0.38616317 -0.26373219 -0.22441473 -0.02495834  0.16185744 -0.09878642
  0.07569642 -0.24702362  0.31608719 -0.06994515 -0.02712577 -0.21050267
  0.21662625  0.16603905 -0.42928164 -0.20319487  0.25865197 -0.36856138
 -0.12155363  0.31128254]
[-0.00125201 -0.00268823  0.00092061  0.00044693 -0.0002254   0.00039825
 -0.00259962 -0.00014771  0.00300397  0.00496141 -0.0035444   0.00119329
 -0.00047843 -0.00485929  0.00297414 -0.00329136 -0.00169971  0.00142691
  0.00407115  0.00058674]
Iter 0003 | Total (Regularized) Loss 0.043359 | Loss 0.043359 | Regularization 0.000000
forward NFE: 20
backward NFE: 126
[ 0.38616317 -0.26373219 -0.22441473 -0.02495834  0.16185744 -0.09878642
  0.07569642 -0.24702362  0.31608719 -0.06994515 -0.02712577 -0.21050267
  0.21662625  0.16603905 -0.42928164 -0.20319487  0.25865197 -0.36856138
 -0.12155363  0.31128254]
[ 0.38616459 -0.26373029 -0.22441367 -0.02495744  0.16185789 -0.09878969
  0.07570111 -0.24702472  0.31608653 -0.06994994 -0.02712028 -0.21050307
  0.21662573  0.16604432 -0.42928361 -0.20319209  0.25865501 -0.36856022
 -0.12155539  0.31128433]
[-0.00141798 -0.00189664 -0.00105199 -0.00090333 -0.00045352  0.00327081
 -0.00469424  0.00110153  0.00065883  0.00478248 -0.00548435  0.00039969
  0.00051564 -0.00526557  0.00197032 -0.00278234 -0.00304125 -0.00115178
  0.00175413 -0.00179147]
Iter 0004 | Total (Regularized) Loss 0.061202 | Loss 0.061202 | Regularization 0.000000
forward NFE: 20
backward NFE: 126
[ 0.38616459 -0.26373029 -0.22441367 -0.02495744  0.16185789 -0.09878969
  0.07570111 -0.24702472  0.31608653 -0.06994994 -0.02712028 -0.21050307
  0.21662573  0.16604432 -0.42928361 -0.20319209  0.25865501 -0.36856022
 -0.12155539  0.31128433]
[ 0.38616558 -0.26372817 -0.22441442 -0.02495778  0.16185807 -0.09879002
  0.07570319 -0.2470246   0.31608414 -0.06995388 -0.02711746 -0.21050402
  0.21662611  0.16604819 -0.42928595 -0.20318947  0.25865638 -0.36856136
 -0.12155861  0.31128386]
[-0.00099117 -0.00212293  0.00074433  0.00034213 -0.00018063  0.00033553
 -0.00207454 -0.00011769  0.00238492  0.00394491 -0.00282395  0.00095516
 -0.00037666 -0.00386672  0.00234234 -0.00261246 -0.00137208  0.00113227
  0.00322288  0.00046505]
Iter 0005 | Total (Regularized) Loss 0.081207 | Loss 0.081207 | Regularization 0.000000
