1.000000000000000082e-05
2.610157215682538649e-05
6.812920690579608288e-05
1.778279410038922698e-04
4.641588833612782196e-04
1.211527658628588954e-03
3.162277660168379394e-03
8.254041852680190500e-03
2.154434690031884619e-02
5.623413251903491145e-02
1.467799267622070525e-01
3.831186849557293161e-01
1.000000000000000000e+00
2.610157215682538556e+00
6.812920690579622018e+00
1.778279410038922848e+01
4.641588833612782139e+01
1.211527658628590132e+02
3.162277660168379612e+02
8.254041852680189777e+02
2.154434690031886475e+03
5.623413251903491073e+03
1.467799267622073603e+04
3.831186849557292589e+04
1.000000000000000000e+05
